4
11
1
185
0
145
6
193
8
229
2
198
3
199
2
33
6
167
9
243
8
108
3
259
4
68
9
291
9
53
0
181
6
18
1
199
7
262
2
220
3
11
6
184
10
29
7
190
6
276
3
42
5
208
7
209
8
56
8
289
0
190
3
31
0
63
1
236
6
237
3
271
6
231
5
151
9
28
4
80
3
147
9
59
6
225
0
287
1
255
6
64
5
122
4
284
7
251
8
147
6
45
9
242
4
186
10
291
8
24
10
16
9
104
0
2
5
257
8
71
1
94
10
240
9
203
3
233
5
119
4
238
2
87
9
83
9
178
0
10
4
251
0
211
10
134
1
248
6
23
0
204
4
298
9
0
8
105
10
151
3
79
1
267
0
299
1
6
0
103
0
29
0
110
4
214
2
90
4
29
8
83
4
220
1
295
4
99
2
145
0
222
1
235
8
137
10
32
5
141
